0.1	1.0
0.2	1.0
0.3	1.0
0.4	1.0
0.5	1.0
0.6	1.0
0.7	1.0
0.8	1.0
0.9	1.0
1.0	1.0
1.1	1.0
1.2	1.0
1.3	1.0
1.4	1.0
1.5	1.0
1.6	1.0
1.7	1.0
1.8	1.0
1.9	1.0
2.0	1.0
2.1	1.0
2.2	1.0
2.3	0.99
2.4	1.0
2.5	1.0
2.6	0.99
2.7	0.98
2.8	0.97
2.9	0.96
3.0	0.96
3.1	0.93
3.2	0.94
3.3	0.92
3.4	0.93
3.5	0.92
3.6	0.86
3.7	0.81
3.8	0.83
3.9	0.79
4.0	0.79
4.1	0.61
4.2	0.65
4.3	0.59
4.4	0.71
4.5	0.57
4.6	0.52
4.7	0.57
4.8	0.38
4.9	0.48
5.0	0.42
5.1	0.36
5.2	0.4
5.3	0.28
5.4	0.26
5.5	0.22
5.6	0.29
5.7	0.22
5.8	0.27
5.9	0.28
6.0	0.12
6.1	0.18
6.2	0.13
6.3	0.16
6.4	0.17
6.5	0.14
6.6	0.13
6.7	0.05
6.8	0.1
6.9	0.11
7.0	0.04
7.1	0.08
7.2	0.03
7.3	0.04
7.4	0.05
7.5	0.05
7.6	0.04
7.7	0.0
7.8	0.02
7.9	0.03
8.0	0.0
8.1	0.01
8.2	0.03
8.3	0.02
8.4	0.01
8.5	0.02
8.6	0.0
8.7	0.0
8.8	0.01
8.9	0.0
9.0	0.0
9.1	0.01
9.2	0.0
9.3	0.0
9.4	0.0
9.5	0.01
9.6	0.0
9.7	0.0
9.8	0.01
9.9	0.01
10.0	0.0
